1.6
2.2.0
3.0.0
3.1.0
4.0
4.1
4.2
4.3
4.4
4.5
5.0
5.30
6.0
7.00
7.01
7.10
7.10
7.20
7.30
7.40
8.00
8.20
8.30
8.40
8.50
9.00
9.10
9.20
9.30
9.40
10.0
10.10
10.20
10.30
10.40
11.00
11.10
11.30
11.31
11.31
11.40
12.00
12.20
12.50
12.60
13.00
13.20
13.20
13.20
13.20
13.30
13.30
13.30
13.30
14.00
14.10
14.20
14.40
15.00
15.10
15.10
15.10
15.20
15.21
15.30
15.40
16.00
16.10
16.20
16.30
16.40
16.50
17.00
17.10
17.20
17.21
17.30
17.40
17.50
18.00
18.10
18.20
18.21
18.30
18.40
19.00
